0, 10, 62, 71, 73, 79,82, 92 HASTA DIA

0, 10, 62, 71, 73, 79,82, 92,94, 104, 108,114 HASTA ALBEDO

0, 10, 62, 71, 73, 79,82, 92,94, 104, 108,114, 116, 128 HASTA PERIODO

0, 10, 62, 71, 73, 79,82, 92,94, 104, 108,114, 116, 128, 145, 148, 154, 159, 161 HASTA EL "U"


0, 10, 62, 71, 73, 79,82, 92,94, 104, 108,114, 116, 128, 145, 148, 154, 159,161, 167,171,175,179,182 TODA LA DATA

148780

0, 10, 62, 71, 73, 78,80,83, 92,94, 102, 106,108,114, 116, 128, 145, 148, 154, 159,161, 167,171,175,179,182
